500
1000
11

Zombie
40
10
20

20
-5

100
100

70

4
2
0


DarkNight
60
4
20

20
-5

100
100

30

4
3
0

DarkArchor
60
4
20

20
-5

280
100

10

4
7
0

DarkSheild
60
4
20

20
-4

150
150

6

4
1
0


DarkCarvery
60
4
20

20
-7

200
200

3

4
3
0

DarkWizard
60
4
20

20
-4

349
186

0

4
14
0

DarkPreist
60
4
20

20
-4

150
150

0

4
11
0

Dwarf
60
4
20

20
-4

120
100

0

4 
3 
0

Cyclops
60
4
20

20
-3

400
140

5

12
16
0

Ghost
60
4
20

20
-3

600
240

0

4
5
0

Dragon
60
4
20

20
-3

340
250

100

4
8
0